5 , 20 , 3.0 36.32956147193909
6 , 24 , 5.0 42.821772813797
7 , 28 , 6.0 49.742746353149414
8 , 32 , 6.0 57.72238564491272
9 , 36 , 7.0 65.12156820297241
10 , 40 , 8.0 72.57454919815063
11 , 44 , 8.0 79.73198509216309
12 , 48 , 9.0 87.45208859443665
13 , 52 , 10.0 93.96026515960693
14 , 56 , 11.0 101.31559228897095
15 , 60 , 11.0 108.95696997642517
16 , 64 , 13.0 116.96209120750427
17 , 68 , 13.0 124.85063886642456
18 , 72 , 13.0 132.95383191108704
19 , 76 , 14.0 140.29912996292114
20 , 80 , 15.0 148.53715324401855
21 , 84 , 16.0 156.55693864822388
22 , 88 , 16.0 164.66009187698364
23 , 92 , 16.0 172.29872918128967
24 , 96 , 17.0 180.06685137748718
25 , 100 , 18.0 188.03214740753174
26 , 104 , 19.0 196.64678239822388
27 , 108 , 19.0 203.83498907089233
28 , 112 , 20.0 212.73451209068298
29 , 116 , 21.0 220.05307030677795
30 , 120 , 22.0 227.81922364234924
31 , 124 , 22.0 236.30284142494202
32 , 128 , 24.0 244.59658098220825
33 , 132 , 23.0 253.78205585479736
34 , 136 , 24.0 262.04652214050293
35 , 140 , 26.0 270.52574706077576
36 , 144 , 25.0 278.94309735298157
37 , 148 , 27.0 288.684011220932
38 , 152 , 27.0 295.91352939605713
39 , 156 , 28.0 305.2531862258911
40 , 160 , 27.0 313.5808947086334
41 , 164 , 28.0 323.2865722179413
42 , 168 , 29.0 331.109002828598
43 , 172 , 30.0 341.2634150981903
44 , 176 , 31.0 349.5190052986145
45 , 180 , 31.0 358.18935537338257
46 , 184 , 32.0 366.1533257961273
47 , 188 , 33.0 375.6768627166748
48 , 192 , 34.0 386.2954959869385
49 , 196 , 35.0 395.87755846977234
50 , 200 , 34.0 404.7748212814331
51 , 204 , 34.0 412.64975094795227
52 , 208 , 35.0 419.9686436653137
53 , 212 , 37.0 429.0415894985199
54 , 216 , 36.0 437.42113041877747
55 , 220 , 37.0 447.06525921821594
56 , 224 , 39.0 458.0962510108948
57 , 228 , 39.0 464.3130211830139
58 , 232 , 38.0 476.46585845947266
59 , 236 , 42.0 480.7695586681366
60 , 240 , 41.0 492.69301199913025
61 , 244 , 40.0 502.29436779022217
62 , 248 , 42.0 512.9162859916687
63 , 252 , 42.0 521.0092256069183
64 , 256 , 44.0 529.770961523056
65 , 260 , 44.0 544.6288497447968
66 , 264 , 45.0 552.5625462532043
67 , 268 , 46.0 565.4186470508575
68 , 272 , 45.0 574.6758298873901
69 , 276 , 48.0 586.3356983661652
70 , 280 , 47.0 595.0371313095093
71 , 284 , 50.0 607.311309337616
72 , 288 , 48.0 617.6337575912476
73 , 292 , 49.0 629.5542397499084
74 , 296 , 50.0 638.8928799629211
75 , 300 , 49.0 646.3577396869659
76 , 304 , 51.0 656.159964799881
77 , 308 , 53.0 665.9926288127899
78 , 312 , 52.0 678.4090864658356
79 , 316 , 52.0 688.6187090873718
80 , 320 , 55.0 695.8041613101959
81 , 324 , 53.0 713.532232761383
82 , 328 , 55.0 722.3394916057587
83 , 332 , 55.0 730.7039527893066
84 , 336 , 59.0 742.0614938735962
85 , 340 , 55.0 756.3624269962311
86 , 344 , 56.0 766.2987456321716
87 , 348 , 58.0 780.0038475990295
88 , 352 , 60.0 791.0786752700806
89 , 356 , 60.0 799.1576082706451
90 , 360 , 60.0 810.0494766235352
91 , 364 , 59.0 819.8253417015076
92 , 368 , 60.0 834.8527545928955
93 , 372 , 61.0 845.6977581977844
94 , 376 , 63.0 858.2447144985199
95 , 380 , 61.0 869.0582547187805
96 , 384 , 63.0 878.6490411758423
97 , 388 , 66.0 888.4222285747528
98 , 392 , 65.0 905.8004624843597
99 , 396 , 68.0 912.7491676807404
