1 , 9 , 4 , 4.0 0.6750390529632568
2 , 15 , 7 , 5.0 1.3800597190856934
3 , 21 , 10 , 7.0 2.0439260005950928
4 , 27 , 13 , 10.0 2.7355878353118896
5 , 33 , 16 , 11.0 3.4347124099731445
6 , 39 , 19 , 14.0 4.150353908538818
7 , 45 , 22 , 15.0 4.837057113647461
8 , 51 , 25 , 18.0 5.5561442375183105
9 , 57 , 28 , 20.0 6.279491186141968
10 , 63 , 31 , 21.0 7.007291793823242
11 , 69 , 34 , 22.0 7.7437005043029785
12 , 75 , 37 , 25.0 8.509311199188232
13 , 81 , 40 , 25.0 9.239984273910522
14 , 87 , 43 , 27.0 10.034250497817993
15 , 93 , 46 , 29.0 10.790780782699585
16 , 99 , 49 , 31.0 11.566409349441528
17 , 105 , 52 , 32.0 12.385019540786743
18 , 111 , 55 , 34.0 13.108824014663696
19 , 117 , 58 , 37.0 13.938202381134033
20 , 123 , 61 , 38.0 14.757116079330444
21 , 129 , 64 , 39.0 15.515169858932495
22 , 135 , 67 , 43.0 16.309356689453125
23 , 141 , 70 , 45.0 17.22980237007141
24 , 147 , 73 , 44.0 18.018997192382812
25 , 153 , 76 , 47.0 18.830747842788696
26 , 159 , 79 , 49.0 19.73795461654663
27 , 165 , 82 , 50.0 20.60186505317688
28 , 171 , 85 , 51.0 21.42812418937683
29 , 177 , 88 , 55.0 22.257884979248047
30 , 183 , 91 , 56.0 23.133809566497803
31 , 189 , 94 , 56.0 24.089852809906006
32 , 195 , 97 , 58.0 24.972686529159546
33 , 201 , 100 , 61.0 25.85776948928833
34 , 207 , 103 , 61.0 26.76828169822693
35 , 213 , 106 , 64.0 27.633910655975342
36 , 219 , 109 , 65.0 28.695335865020752
37 , 225 , 112 , 66.0 29.429107189178467
38 , 231 , 115 , 70.0 30.19018530845642
39 , 237 , 118 , 74.0 31.264655351638794
40 , 243 , 121 , 73.0 32.33282780647278
41 , 249 , 124 , 78.0 33.21411752700806
42 , 255 , 127 , 75.0 34.13488721847534
43 , 261 , 130 , 78.0 35.15745186805725
44 , 267 , 133 , 80.0 36.33486986160278
45 , 273 , 136 , 82.0 37.34226703643799
46 , 279 , 139 , 84.0 38.50679349899292
47 , 285 , 142 , 86.0 39.40597152709961
48 , 291 , 145 , 85.0 40.5770788192749
49 , 297 , 148 , 88.0 41.509596824645996
50 , 303 , 151 , 90.0 42.55995464324951
51 , 309 , 154 , 89.0 43.594940423965454
52 , 315 , 157 , 93.0 44.654048442840576
53 , 321 , 160 , 96.0 45.68445324897766
54 , 327 , 163 , 95.0 47.053260803222656
55 , 333 , 166 , 95.0 47.84135675430298
56 , 339 , 169 , 96.0 49.064509868621826
57 , 345 , 172 , 100.0 50.39278507232666
58 , 351 , 175 , 104.0 51.52233695983887
59 , 357 , 178 , 105.0 52.4988317489624
60 , 363 , 181 , 110.0 53.88051676750183
61 , 369 , 184 , 106.0 54.97720646858215
62 , 375 , 187 , 110.0 56.19181752204895
63 , 381 , 190 , 111.0 57.19555377960205
64 , 387 , 193 , 111.0 58.57611083984375
65 , 393 , 196 , 111.0 60.131481409072876
66 , 399 , 199 , 117.0 60.782413482666016
67 , 405 , 202 , 117.0 61.994354009628296
68 , 411 , 205 , 123.0 63.10897207260132
69 , 417 , 208 , 120.0 64.62890863418579
70 , 423 , 211 , 119.0 66.13654947280884
71 , 429 , 214 , 126.0 67.14776611328125
72 , 435 , 217 , 124.0 68.43772077560425
73 , 441 , 220 , 123.0 69.93622207641602
74 , 447 , 223 , 126.0 70.7279999256134
75 , 453 , 226 , 135.0 71.73949861526489
76 , 459 , 229 , 133.0 74.08874654769897
77 , 465 , 232 , 132.0 75.38587355613708
78 , 471 , 235 , 137.0 77.5601556301117
79 , 477 , 238 , 140.0 78.4925389289856
80 , 483 , 241 , 139.0 79.46914029121399
81 , 489 , 244 , 136.0 80.06606817245483
82 , 495 , 247 , 141.0 80.92203140258789
83 , 501 , 250 , 141.0 82.76075744628906
84 , 507 , 253 , 140.0 84.49717831611633
85 , 513 , 256 , 148.0 86.6810793876648
86 , 519 , 259 , 149.0 88.1158504486084
87 , 525 , 262 , 149.0 90.00893378257751
88 , 531 , 265 , 152.0 90.96673059463501
89 , 537 , 268 , 157.0 91.61887216567993
90 , 543 , 271 , 154.0 93.52532124519348
91 , 549 , 274 , 158.0 95.10416293144226
92 , 555 , 277 , 157.0 96.46786189079285
93 , 561 , 280 , 160.0 97.47868037223816
94 , 567 , 283 , 162.0 99.42667007446289
95 , 573 , 286 , 165.0 101.3276915550232
96 , 579 , 289 , 161.0 102.97297739982605
97 , 585 , 292 , 162.0 104.5919086933136
98 , 591 , 295 , 172.0 105.3275957107544
99 , 597 , 298 , 167.0 105.84894919395447
